 Fitness
   1    -2.8727576315    -3.1191447845    -3.8909418053  -150.0000000000  -150.0000000000  -150.0000000000  -150.0000000000  -150.0000000000  -150.0000000000  -150.0000000000
   2    -2.8727576315    -3.1191447845    -3.8909418053  -150.0000000000  -150.0000000000  -150.0000000000  -150.0000000000  -150.0000000000  -150.0000000000  -150.0000000000
   3    -2.8291123602    -2.8727576315    -2.9443202785    -3.1191447845    -3.7921995714    -3.8909418053  -150.0000000000  -150.0000000000  -150.0000000000  -150.0000000000
   4    -2.8291123602    -2.8727576315    -2.9443202785    -3.0357665376    -3.7921995714    -3.8277679136    -3.8909418053  -150.0000000000  -150.0000000000  -150.0000000000
   5    -2.8291123602    -2.8613580699    -2.8727576315    -2.9443202785    -2.9869219941    -3.0737627937    -3.6108051005    -3.8277679136    -3.8909418053  -150.0000000000
   6    -2.1555367990    -2.8291123602    -2.8613580699    -2.9028387161    -2.9443202785    -2.9662870746    -3.0737627937    -3.6108051005    -3.8909418053  -150.0000000000
   7    -2.1555367990    -2.2394208814    -2.7744631313    -2.8291123602    -2.8613580699    -2.9411913077    -2.9662870746    -3.0773836621    -3.5892708236    -3.8909418053
   8    -2.1555367990    -2.1886182754    -2.2394208814    -2.7744631313    -2.8291123602    -2.9411913077    -2.9662870746    -3.0773836621    -3.5892708236  -150.0000000000
   9    -2.1555367990    -2.1886182754    -2.2252303969    -2.2394208814    -2.7744631313    -2.8291123602    -2.9569099801    -2.9662870746    -3.0773836621  -150.0000000000
  10    -2.1350707149    -2.1555367990    -2.1886182754    -2.2252303969    -2.2394208814    -2.7744631313    -2.8075979520    -2.8291123602    -3.0773836621  -150.0000000000
  11    -2.0055665380    -2.1350707149    -2.1555367990    -2.1886182754    -2.2252303969    -2.7744631313    -2.8075979520    -2.8291123602    -3.0773836621    -3.2736574696
  12    -2.0055665380    -2.1350707149    -2.1555367990    -2.1886182754    -2.2252303969    -2.2279888313    -2.3593095395    -2.8075979520    -2.8291123602    -3.0773836621
  13    -2.0055665380    -2.1273436271    -2.1350707149    -2.1555367990    -2.1886182754    -2.2252303969    -2.2279888313    -2.3593095395    -2.8291123602  -150.0000000000
