     0.0000000000     0.0000000000     0.0000000000     0.0000000000     0.0000000000     0.0000000000     0.0000000000     0.0000000000     0.0000000000     0.0000000000
     0.0000000000     0.0000000000     0.0000000000     0.0000000000     0.0000000000     0.0000000000     0.0000000000     0.0000000000     0.0000000000     0.0000000000
     0.0000000000     0.0000000000     0.0000000000     0.0000000000     0.0000000000     0.0000000000     0.0000000000     0.0000000000     0.0000000000     0.0000000000
     0.0000000000     0.0000000000     0.0000000000     0.0000000000     0.0000000000     0.0000000000     0.0000000000     0.0000000000     0.0000000000     0.0000000000
     0.0000000000     0.0000000000     0.0000000000     0.0000000000     0.0000000000     0.0000000000     0.0000000000     0.0000000000     0.0000000000     0.0000000000
     0.0000000000     0.0000000000     0.0000000000     0.0000000000     0.0000000000     0.0000000000     0.0000000000     0.0000000000     0.0000000000     0.0000000000
     0.0000000000     0.0000000000     0.0000000000     0.0000000000     0.0000000000     0.0000000000     0.0000000000     0.0000000000     0.0000000000     0.0000000000
     0.0000000000     0.0000000000     0.0000000000     0.0000000000     0.0000000000     0.0000000000     0.0000000000     0.0000000000     0.0000000000     0.0000000000
     0.0000000000     0.0000000000     0.0000000000     0.0000000000     0.0000000000     0.0000000000     0.0000000000     0.0000000000     0.0000000000     0.0000000000
     0.0000000000     0.0000000000     0.0000000000     0.0000000000     0.0000000000     0.0000000000     0.0000000000     0.0000000000     0.0000000000     0.0000000000
     0.0000000000     0.0000000000     0.0000000000     0.0000000000     0.0000000000     0.0000000000     0.0000000000     0.0000000000     0.0000000000     0.0000000000
     0.0000000000     0.0000000000     0.0000000000     0.0000000000     0.0000000000     0.0000000000     0.0000000000     0.0000000000     0.0000000000     0.0000000000
     0.0000000000     0.0000000000     0.0000000000     0.0000000000     0.0000000000     0.0000000000     0.0000000000     0.0000000000     0.0000000000     0.0000000000
     0.0000000000     0.0000000000     0.0000000000     0.0000000000     0.0000000000     0.0000000000     0.0000000000     0.0000000000     0.0000000000     0.0000000000
    -0.0020135640    -0.0015184662    -0.0002147317    -0.0002836154    -0.0062886713    -0.0085823986     0.0068459985     0.0027883187     0.0084033832     0.0046415584
    -0.0100000000    -0.0026463956    -0.0020607531    -0.0019229857    -0.0069148551    -0.0088215795    -0.0041378386    -0.0026049546    -0.0100000000    -0.0017777600
     0.0047348117    -0.0029402008    -0.0045855115    -0.0041033256     0.0046130090     0.0079423525     0.0100000000    -0.0031466312    -0.0100000000     0.0001416584
    -0.0100000000     0.0100000000     0.0036637121     0.0040081306    -0.0029820593    -0.0056520743    -0.0100000000     0.0034700031     0.0100000000     0.0011262788
     0.0000000000     0.0000000000     0.0000000000     0.0000000000     0.0000000000     0.0000000000     0.0000000000     0.0000000000     0.0000000000     0.0000000000
    -0.0056033888     0.0037103339     0.0048146351     0.0049524025     0.0080719893     0.0092635655     0.0056097936     0.0093568388     0.0100000000     0.0086968833
     0.0034337011     0.0034189265     0.0032542486     0.0029787138     0.0014797096     0.0009071410     0.0100000000     0.0060508150     0.0100000000     0.0100000000
     0.0100000000     0.0010112136     0.0058804132     0.0057426458     0.0021541747     0.0007835007     0.0100000000     0.0064796105     0.0100000000     0.0100000000
    -0.0100000000    -0.0023982928    -0.0054407997    -0.0057163346    -0.0083637854    -0.0093750216    -0.0028139609    -0.0096276630    -0.0100000000    -0.0091350440
     0.0100000000     0.0040871821     0.0060770143     0.0061458980    -0.0038328157    -0.0076443452     0.0100000000     0.0020096253     0.0100000000     0.0033294101
     0.0054099459    -0.0052039299    -0.0028045851    -0.0033556548     0.0048985938     0.0080514362     0.0051650430    -0.0024570912    -0.0100000000     0.0003323456
     0.0060941139     0.0057855615     0.0063549883     0.0062309977     0.0073243012     0.0077419060     0.0090000000     0.0079014169     0.0080000000     0.0030987936
     0.0000000000     0.0000000000     0.0000000000     0.0000000000     0.0000000000     0.0000000000     0.0000000000     0.0000000000     0.0000000000     0.0000000000
     0.0000000000     0.0000000000     0.0000000000     0.0000000000     0.0000000000     0.0000000000     0.0000000000     0.0000000000     0.0000000000     0.0000000000
     0.0000000000     0.0000000000     0.0000000000     0.0000000000     0.0000000000     0.0000000000     0.0000000000     0.0000000000     0.0000000000     0.0000000000
     0.0000000000     0.0000000000     0.0000000000     0.0000000000     0.0000000000     0.0000000000     0.0000000000     0.0000000000     0.0000000000     0.0000000000
     0.0000000000     0.0000000000     0.0000000000     0.0000000000     0.0000000000     0.0000000000     0.0000000000     0.0000000000     0.0000000000     0.0000000000
     0.0000000000     0.0000000000     0.0000000000     0.0000000000     0.0000000000     0.0000000000     0.0000000000     0.0000000000     0.0000000000     0.0000000000
     0.0000000000     0.0000000000     0.0000000000     0.0000000000     0.0000000000     0.0000000000     0.0000000000     0.0000000000     0.0000000000     0.0000000000
     0.0000000000     0.0000000000     0.0000000000     0.0000000000     0.0000000000     0.0000000000     0.0000000000     0.0000000000     0.0000000000     0.0000000000
     0.0000000000     0.0000000000     0.0000000000     0.0000000000     0.0000000000     0.0000000000     0.0000000000     0.0000000000     0.0000000000     0.0000000000
     0.0000000000     0.0000000000     0.0000000000     0.0000000000     0.0000000000     0.0000000000     0.0000000000     0.0000000000     0.0000000000     0.0000000000
     0.0000000000     0.0000000000     0.0000000000     0.0000000000     0.0000000000     0.0000000000     0.0000000000     0.0000000000     0.0000000000     0.0000000000
     0.0000000000     0.0000000000     0.0000000000     0.0000000000     0.0000000000     0.0000000000     0.0000000000     0.0000000000     0.0000000000     0.0000000000
     0.0000000000     0.0000000000     0.0000000000     0.0000000000     0.0000000000     0.0000000000     0.0000000000     0.0000000000     0.0000000000     0.0000000000
     0.0000000000     0.0000000000     0.0000000000     0.0000000000     0.0000000000     0.0000000000     0.0000000000     0.0000000000     0.0000000000     0.0000000000
     0.0000000000     0.0000000000     0.0000000000     0.0000000000     0.0000000000     0.0000000000     0.0000000000     0.0000000000     0.0000000000     0.0000000000
     0.0000000000     0.0000000000     0.0000000000     0.0000000000     0.0000000000     0.0000000000     0.0000000000     0.0000000000     0.0000000000     0.0000000000
     0.0000000000     0.0000000000     0.0000000000     0.0000000000     0.0000000000     0.0000000000     0.0000000000     0.0000000000     0.0000000000     0.0000000000
     0.0000000000     0.0000000000     0.0000000000     0.0000000000     0.0000000000     0.0000000000     0.0000000000     0.0000000000     0.0000000000     0.0000000000
     0.0000000000     0.0000000000     0.0000000000     0.0000000000     0.0000000000     0.0000000000     0.0000000000     0.0000000000     0.0000000000     0.0000000000
     0.0000000000     0.0000000000     0.0000000000     0.0000000000     0.0000000000     0.0000000000     0.0000000000     0.0000000000     0.0000000000     0.0000000000
     0.0000000000     0.0000000000     0.0000000000     0.0000000000     0.0000000000     0.0000000000     0.0000000000     0.0000000000     0.0000000000     0.0000000000
     0.0000000000     0.0000000000     0.0000000000     0.0000000000     0.0000000000     0.0000000000     0.0000000000     0.0000000000     0.0000000000     0.0000000000
     0.0000000000     0.0000000000     0.0000000000     0.0000000000     0.0000000000     0.0000000000     0.0000000000     0.0000000000     0.0000000000     0.0000000000
     0.0000000000     0.0000000000     0.0000000000     0.0000000000     0.0000000000     0.0000000000     0.0000000000     0.0000000000     0.0000000000     0.0000000000
     0.0000000000     0.0000000000     0.0000000000     0.0000000000     0.0000000000     0.0000000000     0.0000000000     0.0000000000     0.0000000000     0.0000000000
     0.0000000000     0.0000000000     0.0000000000     0.0000000000     0.0000000000     0.0000000000     0.0000000000     0.0000000000     0.0000000000     0.0000000000
