 Snapshots
     0.0000000000     0.0000000000     0.0000000000     0.0000000000     0.0000000000     0.0000000000     0.0000000000     0.0000000000     0.0000000000     0.0000000000
     0.0000000000     0.0000000000     0.0000000000     0.0000000000     0.0000000000     0.0000000000     0.0000000000     0.0000000000     0.0000000000     0.0000000000
     0.0000000000     0.0000000000     0.0000000000     0.0000000000     0.0000000000     0.0000000000     0.0000000000     0.0000000000     0.0000000000     0.0000000000
     0.0000000000     0.0000000000     0.0000000000     0.0000000000     0.0000000000     0.0000000000     0.0000000000     0.0000000000     0.0000000000     0.0000000000
     0.0000000000     0.0000000000     0.0000000000     0.0000000000     0.0000000000     0.0000000000     0.0000000000     0.0000000000     0.0000000000     0.0000000000
     0.0000000000     0.0000000000     0.0000000000     0.0000000000     0.0000000000     0.0000000000     0.0000000000     0.0000000000     0.0000000000     0.0000000000
     0.0000000000     0.0000000000     0.0000000000     0.0000000000     0.0000000000     0.0000000000     0.0000000000     0.0000000000     0.0000000000     0.0000000000
     0.0000000000     0.0000000000     0.0000000000     0.0000000000     0.0000000000     0.0000000000     0.0000000000     0.0000000000     0.0000000000     0.0000000000
     0.0000000000     0.0000000000     0.0000000000     0.0000000000     0.0000000000     0.0000000000     0.0000000000     0.0000000000     0.0000000000     0.0000000000
     0.0000000000     0.0000000000     0.0000000000     0.0000000000     0.0000000000     0.0000000000     0.0000000000     0.0000000000     0.0000000000     0.0000000000
     0.0000000000     0.0000000000     0.0000000000     0.0000000000     0.0000000000     0.0000000000     0.0000000000     0.0000000000     0.0000000000     0.0000000000
     0.0000000000     0.0000000000     0.0000000000     0.0000000000     0.0000000000     0.0000000000     0.0000000000     0.0000000000     0.0000000000     0.0000000000
     0.0000000000     0.0000000000     0.0000000000     0.0000000000     0.0000000000     0.0000000000     0.0000000000     0.0000000000     0.0000000000     0.0000000000
     0.0000000000     0.0000000000     0.0000000000     0.0000000000     0.0000000000     0.0000000000     0.0000000000     0.0000000000     0.0000000000     0.0000000000
     0.0000000000     0.0070000000     0.0030000000    -0.0010000000     0.0050000000     0.0090000000     0.0010000000    -0.0090000000    -0.0050000000    -0.0070000000
     0.0000000000     0.0030000000     0.0010000000    -0.0050000000    -0.0030000000     0.0050000000    -0.0090000000     0.0090000000    -0.0070000000     0.0070000000
     0.0000000000    -0.0010000000    -0.0090000000     0.0090000000     0.0070000000    -0.0070000000    -0.0050000000    -0.0030000000     0.0010000000     0.0050000000
     0.0000000000    -0.0030000000     0.0050000000     0.0030000000    -0.0050000000    -0.0090000000    -0.0070000000     0.0010000000     0.0090000000     0.0070000000
     0.0000000000     0.0000000000     0.0000000000     0.0000000000     0.0000000000     0.0000000000     0.0000000000     0.0000000000     0.0000000000     0.0000000000
     0.0000000000     0.0050000000    -0.0070000000    -0.0050000000     0.0030000000    -0.0030000000    -0.0090000000     0.0070000000    -0.0010000000     0.0010000000
     0.0000000000     0.0050000000    -0.0030000000    -0.0050000000     0.0070000000    -0.0090000000     0.0030000000    -0.0010000000     0.0010000000    -0.0070000000
     0.0000000000    -0.0070000000     0.0070000000     0.0050000000    -0.0090000000    -0.0050000000     0.0090000000     0.0010000000    -0.0010000000    -0.0030000000
     0.0000000000     0.0010000000    -0.0010000000    -0.0030000000    -0.0090000000     0.0070000000     0.0050000000    -0.0050000000     0.0090000000     0.0030000000
     0.0000000000    -0.0070000000    -0.0030000000     0.0090000000    -0.0090000000     0.0030000000     0.0070000000     0.0010000000    -0.0050000000    -0.0010000000
     0.0000000000    -0.0070000000     0.0010000000    -0.0090000000     0.0050000000    -0.0010000000     0.0070000000     0.0030000000    -0.0050000000    -0.0030000000
     0.0000000000    -0.0019000000    -0.0001000000     0.0035000000    -0.0055000000     0.0017000000     0.0071000000     0.0053000000    -0.0037000000    -0.0091000000
     0.0000000000     0.0000000000     0.0000000000     0.0000000000     0.0000000000     0.0000000000     0.0000000000     0.0000000000     0.0000000000     0.0000000000
     0.0000000000     0.0000000000     0.0000000000     0.0000000000     0.0000000000     0.0000000000     0.0000000000     0.0000000000     0.0000000000     0.0000000000
     0.0000000000     0.0000000000     0.0000000000     0.0000000000     0.0000000000     0.0000000000     0.0000000000     0.0000000000     0.0000000000     0.0000000000
     0.0000000000     0.0000000000     0.0000000000     0.0000000000     0.0000000000     0.0000000000     0.0000000000     0.0000000000     0.0000000000     0.0000000000
     0.0000000000     0.0000000000     0.0000000000     0.0000000000     0.0000000000     0.0000000000     0.0000000000     0.0000000000     0.0000000000     0.0000000000
     0.0000000000     0.0000000000     0.0000000000     0.0000000000     0.0000000000     0.0000000000     0.0000000000     0.0000000000     0.0000000000     0.0000000000
     0.0000000000     0.0000000000     0.0000000000     0.0000000000     0.0000000000     0.0000000000     0.0000000000     0.0000000000     0.0000000000     0.0000000000
     0.0000000000     0.0000000000     0.0000000000     0.0000000000     0.0000000000     0.0000000000     0.0000000000     0.0000000000     0.0000000000     0.0000000000
     0.0000000000     0.0000000000     0.0000000000     0.0000000000     0.0000000000     0.0000000000     0.0000000000     0.0000000000     0.0000000000     0.0000000000
     0.0000000000     0.0000000000     0.0000000000     0.0000000000     0.0000000000     0.0000000000     0.0000000000     0.0000000000     0.0000000000     0.0000000000
     0.0000000000     0.0000000000     0.0000000000     0.0000000000     0.0000000000     0.0000000000     0.0000000000     0.0000000000     0.0000000000     0.0000000000
     0.0000000000     0.0000000000     0.0000000000     0.0000000000     0.0000000000     0.0000000000     0.0000000000     0.0000000000     0.0000000000     0.0000000000
     0.0000000000     0.0000000000     0.0000000000     0.0000000000     0.0000000000     0.0000000000     0.0000000000     0.0000000000     0.0000000000     0.0000000000
     0.0000000000     0.0000000000     0.0000000000     0.0000000000     0.0000000000     0.0000000000     0.0000000000     0.0000000000     0.0000000000     0.0000000000
     0.0000000000     0.0000000000     0.0000000000     0.0000000000     0.0000000000     0.0000000000     0.0000000000     0.0000000000     0.0000000000     0.0000000000
     0.0000000000     0.0000000000     0.0000000000     0.0000000000     0.0000000000     0.0000000000     0.0000000000     0.0000000000     0.0000000000     0.0000000000
     0.0000000000     0.0000000000     0.0000000000     0.0000000000     0.0000000000     0.0000000000     0.0000000000     0.0000000000     0.0000000000     0.0000000000
     0.0000000000     0.0000000000     0.0000000000     0.0000000000     0.0000000000     0.0000000000     0.0000000000     0.0000000000     0.0000000000     0.0000000000
     0.0000000000     0.0000000000     0.0000000000     0.0000000000     0.0000000000     0.0000000000     0.0000000000     0.0000000000     0.0000000000     0.0000000000
     0.0000000000     0.0000000000     0.0000000000     0.0000000000     0.0000000000     0.0000000000     0.0000000000     0.0000000000     0.0000000000     0.0000000000
     0.0000000000     0.0000000000     0.0000000000     0.0000000000     0.0000000000     0.0000000000     0.0000000000     0.0000000000     0.0000000000     0.0000000000
     0.0000000000     0.0000000000     0.0000000000     0.0000000000     0.0000000000     0.0000000000     0.0000000000     0.0000000000     0.0000000000     0.0000000000
     0.0000000000     0.0000000000     0.0000000000     0.0000000000     0.0000000000     0.0000000000     0.0000000000     0.0000000000     0.0000000000     0.0000000000
     0.0000000000     0.0000000000     0.0000000000     0.0000000000     0.0000000000     0.0000000000     0.0000000000     0.0000000000     0.0000000000     0.0000000000
     0.0000000000     0.0000000000     0.0000000000     0.0000000000     0.0000000000     0.0000000000     0.0000000000     0.0000000000     0.0000000000     0.0000000000
     0.0000000000     0.0000000000     0.0000000000     0.0000000000     0.0000000000     0.0000000000     0.0000000000     0.0000000000     0.0000000000     0.0000000000
