  101 
  1.0000000000000000        1.0000000000000020     
  0.99928707999999999       0.24471677876159784     
  0.99640998999999997       0.16594185805406195     
  0.99162475999999999       0.10833549460000931     
  0.98494634000000003       5.54698457609092144E-002
  0.97639575999999995       4.33408576668244290E-003
  0.96600016000000000      -4.59198361245693187E-002
  0.95379296000000002      -9.56340172616837181E-002
  0.93981387000000005      -0.14494077210100931     
  0.92410901999999995      -0.19387541561965907     
  0.90673097999999996      -0.24241478973108813     
  0.88773877999999995      -0.29050154286875501     
  0.86719791999999996      -0.33805301472139804     
  0.84518031999999998      -0.38498093474916240     
  0.82176417000000002      -0.43117920344305621     
  0.79703389000000002      -0.47654922536208416     
  0.77107987000000000      -0.52098488654680741     
  0.74399833000000004      -0.56437891086960579     
  0.71589104999999997      -0.60662278326666608     
  0.68686508000000002      -0.64760321509759278     
  0.65703252000000001      -0.68720235938214158     
  0.62651009999999996      -0.72528967018595436     
  0.59541891999999996      -0.76173004751698370     
  0.56388400000000005      -0.79636824299569764     
  0.53203383999999998      -0.82904267398144516     
  0.50000000000000000      -0.85957466116989856     
  0.46791648000000002      -0.88777179052941568     
  0.43591917000000002      -0.91343491552072065     
  0.40414514000000001      -0.93635988038810025     
  0.37273191000000000      -0.95633975061669274     
  0.34181658999999998      -0.97317661592518168     
  0.31153510000000001      -0.98668530121818421     
  0.28202112000000001      -0.99670134198844496     
  0.25340527000000002       -1.0030872979110046     
  0.22581408000000000       -1.0057436367127892     
  0.19936907000000001       -1.0046020276755250     
  0.17418591000000000      -0.99962702422840244     
  0.15037354999999999      -0.99080281380865998     
  0.12803355999999999      -0.97810400311611956     
  0.10725945000000001      -0.96144275385359190     
  8.81362900000000060E-002 -0.94056561011497264     
  7.07402599999999993E-002 -0.91487418340860693     
  5.51385100000000017E-002 -0.88306676954486774     
  4.13890199999999986E-002 -0.84247049033477683     
  2.95406700000000015E-002 -0.78768321592577839     
  1.96332900000000012E-002 -0.70784426612242313     
  1.16979000000000007E-002 -0.58130745459030286     
  5.75687999999999981E-003 -0.36755077681110632     
  1.82427999999999996E-003 -8.52541912454575501E-003
 -9.40100000000000029E-005  0.49801208927195451     
   0.0000000000000000       0.92246179585815469     
  2.06727999999999990E-003  0.97139114119978254     
  6.06102000000000030E-003  0.74203152175703724     
  1.19558700000000004E-002  0.48676900430339043     
  1.97189400000000008E-002  0.30183476736442560     
  2.93101899999999999E-002  0.18431000630885855     
  4.06828499999999996E-002  0.11334942361659993     
  5.37839300000000006E-002  7.23901532042892232E-002
  6.85548099999999938E-002  5.07352680736407394E-002
  8.49318200000000051E-002  4.17444104883790065E-002
  0.10284672000000000       4.12623526759545931E-002
  0.12222730000000000       4.66101988385936167E-002
  0.14299782000000000       5.60051465587960429E-002
  0.16507933999999999       6.82139605920217829E-002
  0.18839010000000000       8.23429533997776519E-002
  0.21284568000000001       9.77257361091573018E-002
  0.23835913000000000       0.11384535906211596     
  0.26484105000000002       0.13029026938845797     
  0.29219959000000001       0.14672355662667411     
  0.32034035000000000       0.16287088487510343     
  0.34916640999999998       0.17850637053044577     
  0.37857821000000003       0.19344389968451234     
  0.40847354000000002       0.20753726465007685     
  0.43874759000000002       0.22067093144947594     
  0.46929300000000002       0.23276142365530791     
  0.50000000000000000       0.24375221612822634     
  0.53075667999999998       0.25361518372694175     
  0.56144923999999996       0.26234332822759832     
  0.59196238999999995       0.26995473780940021     
  0.62217977999999996       0.27648750871602240     
  0.65198447999999998       0.28200110290560609     
  0.68125946999999998       0.28657209318011284     
  0.70988825000000000       0.29029631429445829     
  0.73775533999999998       0.29328975314519024     
  0.76474692000000000       0.29568409444492899     
  0.79075136999999995       0.29763295661701955     
  0.81565982000000004       0.29931185266164001     
  0.83936679000000003       0.30092103472098092     
  0.86177070000000000       0.30269103650390777     
  0.88277446000000004       0.30489437471943581     
  0.90228602000000002       0.30785385461345649     
  0.92021891000000000       0.31196432949671976     
  0.93649280999999995       0.31772758500258724     
  0.95103409999999999       0.32579794802622031     
  0.96377632999999996       0.33707243823417810     
  0.97466076000000001       0.35283123779187808     
  0.98363681999999997       0.37499568412788276     
  0.99066248999999995       0.40652266495377237     
  0.99570471000000005       0.45172512045191365     
  0.99873964999999998       0.51358988253437698     
   1.0000000000000000        1.0000000000000020     
